NodeId:99	1.22253832326,1.23422233684,1,83	5
NodeId:98	1.16470216589,1.17188616732,5,13,15,28,49,66,92,94	5
NodeId:97	1.11024954698,1.11803869368,37,50,62,89	5
NodeId:96	0.840012334046,0.84802551011,12,13,24,31,60,74	5
NodeId:95	1.44477605632,1.4539164961,76,88	5
NodeId:94	1.0989753385,1.10463006466,4,17,20,90	5
NodeId:93	0.991077804803,1.01169267813,15,43,66,75	5
NodeId:92	1.67816029892,1.69375307181,22,34,39,57	5
NodeId:91	0.77136549139,0.786899364006,12,24,66,81,95	5
NodeId:90	0.947580982881,0.962202081068,1,26,52,93,96	5
NodeId:9	1.7281881974,1.77688532933,33,39,41,43,51,69,80	5
NodeId:89	0.596621428512,0.591253477117,16,32,35,38,40,57,58	5
NodeId:88	1.31306501227,1.32449638843,21,26,44,50,55,82	5
NodeId:87	0.502150056102,0.506194156754,8,19,20,27,30,47,54,63	5
NodeId:86	1.37840253699,1.40398789881,11,60,71,95	5
NodeId:85	0.717631793191,0.717958818954,32,54,57,64,69,90,99	5
NodeId:84	1.09531047504,1.1136302127,9,21	5
NodeId:83	1.32088035571,1.32530011733,1,4,10,18,27,29,70	5
NodeId:82	0.69924400102,0.709908699107,2,23,24,32,52,53	5
NodeId:81	0.60882188144,0.612051595385,5,21,26,78,93,96	5
NodeId:80	1.22843621508,1.23513460915,31,79	5
NodeId:8	0.354020588657,0.360080615445,13,41,59,87	5
NodeId:79	1.01863497453,1.02063130011,0,26,43,74,90	5
NodeId:78	1.6947817212,1.70168005957,13,19,34,82	5
NodeId:77	0.65047138207,0.654091761539,0,5,32,37,40,41,44,69,79,83,85,86,87	5
NodeId:76	0.929146257877,0.925018788705,9	5
NodeId:75	0.449751321886,0.445619710245,29,34,37,51,54,65,85,91	5
NodeId:74	0.443644268285,0.443952792999,35,54,84	5
NodeId:73	0.555828678922,0.548442826342,41,50,51,84,92	5
NodeId:72	2.00988979903,2.02558359694,10,49,51,92,93,95	5
NodeId:71	1.57510653957,1.56850630947,15,16,45,84,97	5
NodeId:70	1.25353539985,1.26428045443,20,63,99	5
NodeId:7	1.04060773445,1.03353359083,12,21,38,57,93	5
NodeId:69	0.917603628159,0.917008504514,12,22,42,46,55,72,88	5
NodeId:68	0.926892057227,0.937104310061,1,6,19,28,40,81,85	5
NodeId:67	0.715375780702,0.722691330158,2,26,30,31,32,45	5
NodeId:66	1.04824976563,1.06049971413,8,19,72,81,83,98	5
NodeId:65	1.02714815862,1.02070463231,27,88	5
NodeId:64	1.05267517328,1.05145700755,3,27,28,31,33,39,78	5
NodeId:63	1.80533288613,1.83119233188,3,64,65,72	5
NodeId:62	1.05536250131,1.06048168985,11,22,33,91	5
NodeId:61	0.759135280076,0.761596112942,6,9,18,20,99	5
NodeId:60	0.568484375763,0.558085525053,14,49,53,56,65	5
NodeId:6	0.716472720114,0.721248895158,15,22,58,80	5
NodeId:59	0.519216572902,0.528423081635,10,24,69,92	5
NodeId:58	0.893421674947,0.908408613808,16,38,71,73,78	5
NodeId:57	0.84459901701,0.853799955167,86,94,96,98	5
NodeId:56	0.553776585918,0.561219294948,29,36,80,96,98	5
NodeId:55	0.703334552765,0.712445752536,10,19,22,25,51,58,62	5
NodeId:54	0.701614708143,0.709271137245,12,69,77	5
NodeId:53	0.61913140756,0.617769241439,2,13,65,78,95	5
NodeId:52	0.872430357687,0.874587194227,27,31,64,91	5
NodeId:51	0.96135912374,0.96462575445,38,45,61,71	5
NodeId:50	0.855684560365,0.865352784275,0,20,46,68	5
NodeId:5	0.494416019489,0.502520055115,2,9,24,50,61,81,98	5
NodeId:49	1.18331820626,1.19569087021,2,29,31,39,84	5
NodeId:48	0.15,0.15,18,39,61,79,89	5
NodeId:47	0.526726037134,0.53193098006,5,14,52,70,73	5
NodeId:46	0.848441690131,0.850795689985,78	5
NodeId:45	1.48989191142,1.50037751446,18,53,58,83,86,90	5
NodeId:44	0.645027194867,0.658769457926,17,37,38	5
NodeId:43	0.959292277438,0.948764945399,4,21,24,56,67,68,80,86,90	5
NodeId:42	0.590032175378,0.599970884554,36,45,70,89,99	5
NodeId:41	0.983103566485,0.978413098318,44,45,49,66	5
NodeId:40	0.752596438834,0.757510343367,7,71,72,73	5
NodeId:4	0.76829508577,0.779699032569,24,42,46,86	5
NodeId:39	1.19997441808,1.20609185402,31,43,68,71,92	5
NodeId:38	1.20472363299,1.2130093475,30,41,98	5
NodeId:37	1.36422126802,1.37740913939,40,59,71,97	5
NodeId:36	0.795695199434,0.797803555604,12,20,30,34,61,75,77,99	5
NodeId:35	0.508813436796,0.509887912181,12,18,62,64,65,66,83,91	5
NodeId:34	1.00364326242,1.01056281757,0,7,77,78	5
NodeId:33	1.0380123866,1.03198338109,2,56,58,86	5
NodeId:32	1.01429013212,1.02250041074,2,3,6,27,47,69,71,91	5
NodeId:31	2.22804211024,2.23545549516,29,36,46,49,54,62,70,85	5
NodeId:30	0.897612108768,0.904853115274,80,84,95	5
NodeId:3	0.775445961511,0.767035756544,30,42,45,86	5
NodeId:29	0.894468268613,0.906269633523,18,23,31,36,86	5
NodeId:28	0.910073717294,0.912641829328,21,25,72	5
NodeId:27	1.3786659786,1.40406304569,32,68,70,92	5
NodeId:26	0.86380724428,0.876897503896,15,23,28,64	5
NodeId:25	0.842926661538,0.855891638976,63	5
NodeId:24	1.05929083475,1.05525210001,9,10,18,38,55,93,94	5
NodeId:23	0.590976956317,0.587714844013,92,99	5
NodeId:22	1.08640257972,1.09765760535,25,65,72,83,97	5
NodeId:21	5.74789347011,5.08984493147	5
NodeId:20	1.19485524696,1.21151103,7,94	5
NodeId:2	1.05019731932,1.0698731303,31,63	5
NodeId:19	0.915930108917,0.929333594058,27,33,37,45,92	5
NodeId:18	1.07596629179,1.0958371156,52,61,62,87	5
NodeId:17	0.571385235152,0.575369299254,18,39,41,53,63,72,79,99	5
NodeId:16	0.642870602035,0.635256240895,45,52,67,80	5
NodeId:15	1.25864068209,1.26060140787,47,70,79,95,97	5
NodeId:14	0.335302805869,0.333587557994,36,39,44,62,98	5
NodeId:13	0.93779476703,0.948422041385,25,32,33,35,76	5
NodeId:12	1.03086395628,1.03936639645,24,28,50,55,67,85,98	5
NodeId:11	0.67369978759,0.671531870727,6,28,40,49,51,67,89	5
NodeId:10	0.924825905993,0.939009309827,4,6,38,67,78,80	5
NodeId:1	1.27573028485,1.27502436646,37,72	5
NodeId:0	0.764906924666,0.766545413194,1,15,66,96	5
