NodeId:0	0.741651729089,0.742005643624,1,15,66,96	19
NodeId:1	1.23024994026,1.23089658674,37,72	19
NodeId:10	0.892736631464,0.893184987349,4,6,38,67,78,80	19
NodeId:11	0.65013590371,0.65045028907,6,28,40,49,51,67,89	19
NodeId:12	0.998888593411,0.999358434529,24,28,50,55,67,85,98	19
NodeId:13	0.90880032223,0.909238265874,25,32,33,35,76	19
NodeId:14	0.330443346511,0.33053701453,36,39,44,62,98	19
NodeId:15	1.21368574325,1.21432566659,47,70,79,95,97	19
NodeId:16	0.625533688794,0.625826189445,45,52,67,80	19
NodeId:17	0.553226939188,0.553458678561,18,39,41,53,63,72,79,99	19
NodeId:18	1.04293887514,1.04344368943,52,61,62,87	19
NodeId:19	0.884642589405,0.885083832455,27,33,37,45,92	19
NodeId:2	1.01696343116,1.01747321192,31,63	19
NodeId:20	1.15216440766,1.15275975753,7,94	19
NodeId:21	8.89173737842,8.84644571605	19
NodeId:22	1.04800055993,1.04853886387,25,65,72,83,97	19
NodeId:23	0.57112454793,0.571376364576,92,99	19
NodeId:24	1.0208007108,1.02128490212,9,10,18,38,55,93,94	19
NodeId:25	0.815031655049,0.815421074395,63	19
NodeId:26	0.836203583701,0.836612189884,15,23,28,64	19
NodeId:27	1.33477385087,1.33547095713,32,68,70,92	19
NodeId:28	0.879342166595,0.879769934998,21,25,72	19
NodeId:29	0.865831771983,0.86627567418,18,23,31,36,86	19
NodeId:3	0.744540699465,0.744911824547,30,42,45,86	19
NodeId:30	0.870783809491,0.871199111427,80,84,95	19
NodeId:31	2.14184677706,2.14304529355,29,36,46,49,54,62,70,85	19
NodeId:32	0.979453616557,0.979936730456,2,3,6,27,47,69,71,91	19
NodeId:33	0.997846195183,0.99836387397,2,56,58,86	19
NodeId:34	0.969692802389,0.970203309926,0,7,77,78	19
NodeId:35	0.497791178912,0.497971299159,12,18,62,64,65,66,83,91	19
NodeId:36	0.770985031118,0.771344889574,12,20,30,34,61,75,77,99	19
NodeId:37	1.31755802259,1.31826239705,40,59,71,97	19
NodeId:38	1.16433049639,1.16491763357,30,41,98	19
NodeId:39	1.15497137766,1.1555724239,31,43,68,71,92	19
NodeId:4	0.74319595049,0.743561639307,24,42,46,86	19
NodeId:40	0.729468944813,0.729817192572,7,71,72,73	19
NodeId:41	0.948489498298,0.948943741468,44,45,49,66	19
NodeId:42	0.573649611441,0.573897502833,36,45,70,89,99	19
NodeId:43	0.920993934324,0.921474611339,4,21,24,56,67,68,80,86,90	19
NodeId:44	0.629180244399,0.629454561672,17,37,38	19
NodeId:45	1.44434187201,1.44511105842,18,53,58,83,86,90	19
NodeId:46	0.81944078822,0.819849773242,78	19
NodeId:47	0.512257861776,0.512471768195,5,14,52,70,73	19
NodeId:48	0.15,0.15,18,39,61,79,89	19
NodeId:49	1.1453411786,1.14595719729,2,29,31,39,84	19
NodeId:5	0.481494036287,0.481670049876,2,9,24,50,61,81,98	19
NodeId:50	0.829647544628,0.830053539081,0,20,46,68	19
NodeId:51	0.927119575915,0.927593484495,38,45,61,71	19
NodeId:52	0.84420584067,0.844605343143,27,31,64,91	19
NodeId:53	0.602929790094,0.603197485485,2,13,65,78,95	19
NodeId:54	0.682925976667,0.683225881809,12,69,77	19
NodeId:55	0.682729388594,0.683046780234,10,19,22,25,51,58,62	19
NodeId:56	0.542503626875,0.542739624207,29,36,80,96,98	19
NodeId:57	0.818811651115,0.81922114931,86,94,96,98	19
NodeId:58	0.867647240856,0.868070662452,16,38,71,73,78	19
NodeId:59	0.503528262105,0.503734140652,10,24,69,92	19
NodeId:6	0.693174664931,0.693488947753,15,22,58,80	19
NodeId:60	0.548712774973,0.54895968187,14,49,53,56,65	19
NodeId:61	0.734789300033,0.735109231018,6,9,18,20,99	19
NodeId:62	1.01946491732,1.01998311726,11,22,33,91	19
NodeId:63	1.72831159966,1.72923846732,3,64,65,72	19
NodeId:64	1.01209394811,1.01260556804,3,27,28,31,33,39,78	19
NodeId:65	0.990793927209,0.99128810612,27,88	19
NodeId:66	1.01308277587,1.0135755192,8,19,72,81,83,98	19
NodeId:67	0.696884679306,0.697203072247,2,26,30,31,32,45	19
NodeId:68	0.893649425246,0.894106119411,1,6,19,28,40,81,85	19
NodeId:69	0.883632677392,0.884050591299,12,22,42,46,55,72,88	19
NodeId:7	1.00117725373,1.00169792782,12,21,38,57,93	19
NodeId:70	1.20735605305,1.20800599736,20,63,99	19
NodeId:71	1.51385762183,1.5146977723,15,16,45,84,97	19
NodeId:72	1.93294398239,1.93402441635,10,49,51,92,93,95	19
NodeId:73	0.539778366632,0.539996375939,41,50,51,84,92	19
NodeId:74	0.433098579975,0.433262184092,35,54,84	19
NodeId:75	0.435620941983,0.435792725262,29,34,37,51,54,65,85,91	19
NodeId:76	0.895931216127,0.896406352677,9	19
NodeId:77	0.631704264389,0.631981271706,0,5,32,37,40,41,44,69,79,83,85,86,87	19
NodeId:78	1.63600298303,1.63688037558,13,19,34,82	19
NodeId:79	0.986424360197,0.986913507614,0,26,43,74,90	19
NodeId:8	0.345294086065,0.345400012856,13,41,59,87	19
NodeId:80	1.18612842712,1.18673449388,31,79	19
NodeId:81	0.588130550125,0.588374822394,5,21,26,78,93,96	19
NodeId:82	0.677853634297,0.678194773899,2,23,24,32,52,53	19
NodeId:83	1.27376058313,1.27442636448,1,4,10,18,27,29,70	19
NodeId:84	1.0637080958,1.0642444982,9,21	19
NodeId:85	0.695244087716,0.695574332329,32,54,57,64,69,90,99	19
NodeId:86	1.33287836986,1.33359760608,11,60,71,95	19
NodeId:87	0.486451139117,0.486627960896,8,19,20,27,30,47,54,63	19
NodeId:88	1.2700071564,1.27070509049,21,26,44,50,55,82	19
NodeId:89	0.580038257995,0.580283981418,16,32,35,38,40,57,58	19
NodeId:9	1.67171955353,1.67263582295,33,39,41,43,51,69,80	19
NodeId:90	0.918871598187,0.919342340275,1,26,52,93,96	19
NodeId:91	0.749555753042,0.749895000368,12,24,66,81,95	19
NodeId:92	1.6160626615,1.6169287106,22,34,39,57	19
NodeId:93	0.957929904417,0.958426105724,15,43,66,75	19
NodeId:94	1.05771944134,1.05826578846,4,17,20,90	19
NodeId:95	1.39067711776,1.39143696689,76,88	19
NodeId:96	0.813667727299,0.814046708338,12,13,24,31,60,74	19
NodeId:97	1.07231635084,1.07290556765,37,50,62,89	19
NodeId:98	1.12603055732,1.12657772681,5,13,15,28,49,66,92,94	19
NodeId:99	1.18285744223,1.1834440977,1,83	19
