NodeId:99	1.18598681972,1.18718526692,1,83	16
NodeId:98	1.12894911841,1.13006775416,5,13,15,28,49,66,92,94	16
NodeId:97	1.07545935861,1.07666373266,37,50,62,89	16
NodeId:96	0.815689294655,0.8164638044,12,13,24,31,60,74	16
NodeId:95	1.39473041298,1.39628317762,76,88	16
NodeId:94	1.06063363324,1.06175079078,4,17,20,90	16
NodeId:93	0.960576814209,0.961591099225,15,43,66,75	16
NodeId:92	1.62068236264,1.62245228286,22,34,39,57	16
NodeId:91	0.75136542668,0.752058205552,12,24,66,81,95	16
NodeId:90	0.921382858426,0.922344666641,1,26,52,93,96	16
NodeId:9	1.67660752279,1.67847864145,33,39,41,43,51,69,80	16
NodeId:89	0.581349115866,0.581851214991,16,32,35,38,40,57,58	16
NodeId:88	1.27372981598,1.27515617608,21,26,44,50,55,82	16
NodeId:87	0.487394430454,0.487755763849,8,19,20,27,30,47,54,63	16
NodeId:86	1.33671479865,1.33818477746,11,60,71,95	16
NodeId:85	0.69700554903,0.697680955159,32,54,57,64,69,90,99	16
NodeId:84	1.06656949059,1.06766548596,9,21	16
NodeId:83	1.27731188727,1.27867241684,1,4,10,18,27,29,70	16
NodeId:82	0.679673246036,0.680370404564,2,23,24,32,52,53	16
NodeId:81	0.589433442182,0.589932544747,5,21,26,78,93,96	16
NodeId:80	1.18936124084,1.19059999428,31,79	16
NodeId:8	0.34585907171,0.346075533712,13,41,59,87	16
NodeId:79	0.989033500722,0.990033262372,0,26,43,74,90	16
NodeId:78	1.64068363477,1.64247586396,13,19,34,82	16
NodeId:77	0.633181918199,0.633747923269,0,5,32,37,40,41,44,69,79,83,85,86,87	16
NodeId:76	0.898465697476,0.899436782146,9	16
NodeId:75	0.436537360336,0.43688826985,29,34,37,51,54,65,85,91	16
NodeId:74	0.433971360226,0.434305878965,35,54,84	16
NodeId:73	0.540941319246,0.54138673473,41,50,51,84,92	16
NodeId:72	1.93870712474,1.94091556574,10,49,51,92,93,95	16
NodeId:71	1.51833952716,1.52005573085,15,16,45,84,97	16
NodeId:70	1.21082291215,1.2121514737,20,63,99	16
NodeId:7	1.00395456405,1.00501907197,12,21,38,57,93	16
NodeId:69	0.885861879101,0.886715365771,12,22,42,46,55,72,88	16
NodeId:68	0.896085578198,0.89701850814,1,6,19,28,40,81,85	16
NodeId:67	0.698583060142,0.69923399301,2,26,30,31,32,45	16
NodeId:66	1.01571141753,1.01671780095,8,19,72,81,83,98	16
NodeId:65	0.993430027338,0.994439730271,27,88	16
NodeId:64	1.01482324592,1.01586797547,3,27,28,31,33,39,78	16
NodeId:63	1.73325573897,1.73514939117,3,64,65,72	16
NodeId:62	1.02222930183,1.02328821483,11,22,33,91	16
NodeId:61	0.73649605874,0.737149494078,6,9,18,20,99	16
NodeId:60	0.550029970833,0.550534257067,14,49,53,56,65	16
NodeId:6	0.694851103301,0.695493175089,15,22,58,80	16
NodeId:59	0.504626586047,0.505047409815,10,24,69,92	16
NodeId:58	0.869905883597,0.870771008862,16,38,71,73,78	16
NodeId:57	0.820996115861,0.821832469583,86,94,96,98	16
NodeId:56	0.543762505011,0.544244629731,29,36,80,96,98	16
NodeId:55	0.684422351386,0.685071183664,10,19,22,25,51,58,62	16
NodeId:54	0.684525809488,0.685138692908,12,69,77	16
NodeId:53	0.604357672568,0.604905052163,2,13,65,78,95	16
NodeId:52	0.846337000135,0.847153628433,27,31,64,91	16
NodeId:51	0.929647342916,0.930616198648,38,45,61,71	16
NodeId:50	0.831813245809,0.832643065096,0,20,46,68	16
NodeId:5	0.482432932328,0.482792877819,2,9,24,50,61,81,98	16
NodeId:49	1.14862717683,1.14988660778,2,29,31,39,84	16
NodeId:48	0.15,0.15,18,39,61,79,89	16
NodeId:47	0.513398834979,0.513835835662,5,14,52,70,73	16
NodeId:46	0.821622333585,0.822458620622,78	16
NodeId:45	1.44844498523,1.45001676948,18,53,58,83,86,90	16
NodeId:44	0.630643626335,0.631203890501,17,37,38	16
NodeId:43	0.923557938875,0.924540530196,4,21,24,56,67,68,80,86,90	16
NodeId:42	0.574971694943,0.57547865047,36,45,70,89,99	16
NodeId:41	0.950912329505,0.951841255686,44,45,49,66	16
NodeId:40	0.731326639252,0.732038379653,7,71,72,73	16
NodeId:4	0.745146790566,0.74589390723,24,42,46,86	16
NodeId:39	1.15817736361,1.15940536519,31,43,68,71,92	16
NodeId:38	1.16746254896,1.1686620235,30,41,98	16
NodeId:37	1.32131529338,1.32275545945,40,59,71,97	16
NodeId:36	0.772904670994,0.773640016475,12,20,30,34,61,75,77,99	16
NodeId:35	0.498752041181,0.499120103285,12,18,62,64,65,66,83,91	16
NodeId:34	0.972415861621,0.973458996665,0,7,77,78	16
NodeId:33	1.00060738399,1.00166571562,2,56,58,86	16
NodeId:32	0.982030729085,0.983017838501,2,3,6,27,47,69,71,91	16
NodeId:31	2.14823988741,2.15068844082,29,36,46,49,54,62,70,85	16
NodeId:30	0.872999016855,0.873847820292,80,84,95	16
NodeId:3	0.746520287986,0.747278397781,30,42,45,86	16
NodeId:29	0.868199700788,0.869107036352,18,23,31,36,86	16
NodeId:28	0.881623898885,0.882498135978,21,25,72	16
NodeId:27	1.3384921193,1.33991669667,32,68,70,92	16
NodeId:26	0.838383299059,0.839218548611,15,23,28,64	16
NodeId:25	0.817108910173,0.817904837353,63	16
NodeId:24	1.02338348726,1.02437310699,9,10,18,38,55,93,94	16
NodeId:23	0.572467945073,0.572982270456,92,99	16
NodeId:22	1.05087195075,1.05197182058,25,65,72,83,97	16
NodeId:21	8.65013963285,8.55758682553	16
NodeId:20	1.15534032757,1.15655616843,7,94	16
NodeId:2	1.01968299787,1.02072390719,31,63	16
NodeId:19	0.886996083948,0.887897827772,27,33,37,45,92	16
NodeId:18	1.04563169059,1.04666360154,52,61,62,87	16
NodeId:17	0.55446314535,0.554936463155,18,39,41,53,63,72,79,99	16
NodeId:16	0.627093907572,0.627691727542,45,52,67,80	16
NodeId:15	1.21709946031,1.21840670429,47,70,79,95,97	16
NodeId:14	0.330942915764,0.331134531431,36,39,44,62,98	16
NodeId:13	0.911136435375,0.912031452873,25,32,33,35,76	16
NodeId:12	1.00139481531,1.00235456852,24,28,50,55,67,85,98	16
NodeId:11	0.651813010861,0.652455193737,6,28,40,49,51,67,89	16
NodeId:10	0.895128356119,0.896044700344,4,6,38,67,78,80	16
NodeId:1	1.23369930997,1.23502064535,37,72	16
NodeId:0	0.743539706941,0.744263234414,1,15,66,96	16
