NodeId:0	0.742934736641,0.743539706941,1,15,66,96	16
NodeId:1	1.23259422142,1.23369930997,37,72	16
NodeId:10	0.894361906545,0.895128356119,4,6,38,67,78,80	16
NodeId:11	0.651275621352,0.651813010861,6,28,40,49,51,67,89	16
NodeId:12	1.00059182932,1.00139481531,24,28,50,55,67,85,98	16
NodeId:13	0.910387956704,0.911136435375,25,32,33,35,76	16
NodeId:14	0.330782896988,0.330942915764,36,39,44,62,98	16
NodeId:15	1.21600563469,1.21709946031,47,70,79,95,97	16
NodeId:16	0.626594112469,0.627093907572,45,52,67,80	16
NodeId:17	0.554067007858,0.55446314535,18,39,41,53,63,72,79,99	16
NodeId:18	1.04476891822,1.04563169059,52,61,62,87	16
NodeId:19	0.886242201462,0.886996083948,27,33,37,45,92	16
NodeId:2	1.01881137695,1.01968299787,31,63	16
NodeId:20	1.15432256309,1.15534032757,7,94	16
NodeId:21	8.72754948002,8.65013963285	16
NodeId:22	1.049951959,1.05087195075,25,65,72,83,97	16
NodeId:23	0.572037443372,0.572467945073,92,99	16
NodeId:24	1.02255599175,1.02338348726,9,10,18,38,55,93,94	16
NodeId:25	0.816443292041,0.817108910173,63	16
NodeId:26	0.837684842815,0.838383299059,15,23,28,64	16
NodeId:27	1.33730082636,1.3384921193,32,68,70,92	16
NodeId:28	0.88089288813,0.881623898885,21,25,72	16
NodeId:29	0.867440986226,0.868199700788,18,23,31,36,86	16
NodeId:3	0.745886146501,0.746520287986,30,42,45,86	16
NodeId:30	0.872289329785,0.872999016855,80,84,95	16
NodeId:31	2.14619158892,2.14823988741,29,36,46,49,54,62,70,85	16
NodeId:32	0.981204883001,0.982030729085,2,3,6,27,47,69,71,91	16
NodeId:33	0.999722848268,1.00060738399,2,56,58,86	16
NodeId:34	0.971543490279,0.972415861621,0,7,77,78	16
NodeId:35	0.498444138719,0.498752041181,12,18,62,64,65,66,83,91	16
NodeId:36	0.772289546843,0.772904670994,12,20,30,34,61,75,77,99	16
NodeId:37	1.32011146623,1.32131529338,40,59,71,97	16
NodeId:38	1.16645893524,1.16746254896,30,41,98	16
NodeId:39	1.15715022034,1.15817736361,31,43,68,71,92	16
NodeId:4	0.744521571702,0.745146790566,24,42,46,86	16
NodeId:40	0.730731363059,0.731326639252,7,71,72,73	16
NodeId:41	0.950136254271,0.950912329505,44,45,49,66	16
NodeId:42	0.574548196654,0.574971694943,36,45,70,89,99	16
NodeId:43	0.922736476295,0.923557938875,4,21,24,56,67,68,80,86,90	16
NodeId:44	0.630174579154,0.630643626335,17,37,38	16
NodeId:45	1.44713012249,1.44844498523,18,53,58,83,86,90	16
NodeId:46	0.820923438228,0.821622333585,78	16
NodeId:47	0.513033331454,0.513398834979,5,14,52,70,73	16
NodeId:48	0.15,0.15,18,39,61,79,89	16
NodeId:49	1.14757419568,1.14862717683,2,29,31,39,84	16
NodeId:5	0.482132072943,0.482432932328,2,9,24,50,61,81,98	16
NodeId:50	0.831119278883,0.831813245809,0,20,46,68	16
NodeId:51	0.928837502281,0.929647342916,38,45,61,71	16
NodeId:52	0.845654120676,0.846337000135,27,31,64,91	16
NodeId:53	0.603900220331,0.604357672568,2,13,65,78,95	16
NodeId:54	0.684013180969,0.684525809488,12,69,77	16
NodeId:55	0.683879936467,0.684422351386,10,19,22,25,51,58,62	16
NodeId:56	0.543359080589,0.543762505011,29,36,80,96,98	16
NodeId:57	0.820296058687,0.820996115861,86,94,96,98	16
NodeId:58	0.869182122481,0.869905883597,16,38,71,73,78	16
NodeId:59	0.504274552581,0.504626586047,10,24,69,92	16
NodeId:6	0.694314059786,0.694851103301,15,22,58,80	16
NodeId:60	0.549607878122,0.550029970833,14,49,53,56,65	16
NodeId:61	0.735949057696,0.73649605874,6,9,18,20,99	16
NodeId:62	1.02134346443,1.02222930183,11,22,33,91	16
NodeId:63	1.73167170695,1.73325573897,3,64,65,72	16
NodeId:64	1.01394870058,1.01482324592,3,27,28,31,33,39,78	16
NodeId:65	0.992585474448,0.993430027338,27,88	16
NodeId:66	1.01486900151,1.01571141753,8,19,72,81,83,98	16
NodeId:67	0.698038886865,0.698583060142,2,26,30,31,32,45	16
NodeId:68	0.895304958348,0.896085578198,1,6,19,28,40,81,85	16
NodeId:69	0.88514769448,0.885861879101,12,22,42,46,55,72,88	16
NodeId:7	1.00306492065,1.00395456405,12,21,38,57,93	16
NodeId:70	1.20971211947,1.21082291215,20,63,99	16
NodeId:71	1.51690328276,1.51833952716,15,16,45,84,97	16
NodeId:72	1.93686073423,1.93870712474,10,49,51,92,93,95	16
NodeId:73	0.540568712998,0.540941319246,41,50,51,84,92	16
NodeId:74	0.433691678532,0.433971360226,35,54,84	16
NodeId:75	0.436243694312,0.436537360336,29,34,37,51,54,65,85,91	16
NodeId:76	0.89765361953,0.898465697476,9	16
NodeId:77	0.632708471242,0.633181918199,0,5,32,37,40,41,44,69,79,83,85,86,87	16
NodeId:78	1.63918361712,1.64068363477,13,19,34,82	16
NodeId:79	0.988197500993,0.989033500722,0,26,43,74,90	16
NodeId:8	0.345678109053,0.34585907171,13,41,59,87	16
NodeId:80	1.18832548534,1.18936124084,31,79	16
NodeId:81	0.589016106774,0.589433442182,5,21,26,78,93,96	16
NodeId:82	0.679090329653,0.679673246036,2,23,24,32,52,53	16
NodeId:83	1.2761742143,1.27731188727,1,4,10,18,27,29,70	16
NodeId:84	1.06565263746,1.06656949059,9,21	16
NodeId:85	0.69644127226,0.69700554903,32,54,57,64,69,90,99	16
NodeId:86	1.33548559259,1.33671479865,11,60,71,95	16
NodeId:87	0.487092143178,0.487394430454,8,19,20,27,30,47,54,63	16
NodeId:88	1.2725371296,1.27372981598,21,26,44,50,55,82	16
NodeId:89	0.580929024593,0.581349115866,16,32,35,38,40,57,58	16
NodeId:9	1.67504134301,1.67660752279,33,39,41,43,51,69,80	16
NodeId:90	0.92057801964,0.921382858426,1,26,52,93,96	16
NodeId:91	0.750785603044,0.75136542668,12,24,66,81,95	16
NodeId:92	1.61920213173,1.62068236264,22,34,39,57	16
NodeId:93	0.959728603684,0.960576814209,15,43,66,75	16
NodeId:94	1.05970015255,1.06063363324,4,17,20,90	16
NodeId:95	1.39343162729,1.39473041298,76,88	16
NodeId:96	0.815041645105,0.815689294655,12,13,24,31,60,74	16
NodeId:97	1.07445235934,1.07545935861,37,50,62,89	16
NodeId:98	1.12801418615,1.12894911841,5,13,15,28,49,66,92,94	16
NodeId:99	1.18498410514,1.18598681972,1,83	16
