NodeId:0	0.746160187879,0.747404412085,1,15,66,96	12
NodeId:1	1.23849249179,1.24074031892,37,72	12
NodeId:10	0.898449426503,0.900020465745,4,6,38,67,78,80	12
NodeId:11	0.654142251257,0.655239587565,6,28,40,49,51,67,89	12
NodeId:12	1.00487308105,1.00651315028,24,28,50,55,67,85,98	12
NodeId:13	0.914378574931,0.915900714729,25,32,33,35,76	12
NodeId:14	0.331637207482,0.331963371019,36,39,44,62,98	12
NodeId:15	1.22184353849,1.22406941569,47,70,79,95,97	12
NodeId:16	0.629260873285,0.630282696578,45,52,67,80	12
NodeId:17	0.556178584858,0.556993754941,18,39,41,53,63,72,79,99	12
NodeId:18	1.04937130457,1.05113233899,52,61,62,87	12
NodeId:19	0.89026376762,0.891799223411,27,33,37,45,92	12
NodeId:2	1.0234589322,1.02523980902,31,63	12
NodeId:20	1.15974891785,1.16183948037,7,94	12
NodeId:21	8.3146222563,8.15643915341	12
NodeId:22	1.05486112583,1.05673810084,25,65,72,83,97	12
NodeId:23	0.574333401744,0.575214847576,92,99	12
NodeId:24	1.02696934499,1.02866836247,9,10,18,38,55,93,94	12
NodeId:25	0.819993112432,0.821350811158,63	12
NodeId:26	0.84141076399,0.842841529219,15,23,28,64	12
NodeId:27	1.34365124632,1.34609123056,32,68,70,92	12
NodeId:28	0.884793452699,0.886290302204,21,25,72	12
NodeId:29	0.871487952437,0.873040240014,18,23,31,36,86	12
NodeId:3	0.749268764938,0.750562996571,30,42,45,86	12
NodeId:30	0.876074780566,0.877525792063,80,84,95	12
NodeId:31	2.15711570231,2.16130272921,29,36,46,49,54,62,70,85	12
NodeId:32	0.985607249685,0.98729779289,2,3,6,27,47,69,71,91	12
NodeId:33	1.0044411287,1.00625070405,2,56,58,86	12
NodeId:34	0.976196771512,0.977973443802,0,7,77,78	12
NodeId:35	0.500086259956,0.500715487841,12,18,62,64,65,66,83,91	12
NodeId:36	0.775570756407,0.776829976282,12,20,30,34,61,75,77,99	12
NodeId:37	1.32652964177,1.32900004207,40,59,71,97	12
NodeId:38	1.1718133169,1.17386192978,30,41,98	12
NodeId:39	1.16263231102,1.16473073027,31,43,68,71,92	12
NodeId:4	0.747853605027,0.749134759853,24,42,46,86	12
NodeId:40	0.733907796065,0.735125751452,7,71,72,73	12
NodeId:41	0.95427889747,0.955864517047,44,45,49,66	12
NodeId:42	0.576807549121,0.577674610921,36,45,70,89,99	12
NodeId:43	0.927120381519,0.928804292952,4,21,24,56,67,68,80,86,90	12
NodeId:44	0.632675147992,0.633637830049,17,37,38	12
NodeId:45	1.45414303206,1.45682921092,18,53,58,83,86,90	12
NodeId:46	0.824652676451,0.826085666306,78	12
NodeId:47	0.514982472466,0.515730289189,5,14,52,70,73	12
NodeId:48	0.15,0.15,18,39,61,79,89	12
NodeId:49	1.15319019777,1.15534800546,2,29,31,39,84	12
NodeId:5	0.483736862855,0.484351071143,2,9,24,50,61,81,98	12
NodeId:50	0.834820296844,0.836241642926,0,20,46,68	12
NodeId:51	0.933158659197,0.934817814505,38,45,61,71	12
NodeId:52	0.849295728858,0.850691381588,27,31,64,91	12
NodeId:53	0.606340518979,0.607275573371,2,13,65,78,95	12
NodeId:54	0.686749470114,0.687795167113,12,69,77	12
NodeId:55	0.686773636962,0.687885290735,10,19,22,25,51,58,62	12
NodeId:56	0.545511738376,0.546335551151,29,36,80,96,98	12
NodeId:57	0.824029189004,0.825460783036,86,94,96,98	12
NodeId:58	0.873043045562,0.874517080186,16,38,71,73,78	12
NodeId:59	0.506153054872,0.506872346399,10,24,69,92	12
NodeId:6	0.697179985379,0.698277862692,15,22,58,80	12
NodeId:60	0.551857650046,0.552723872468,14,49,53,56,65	12
NodeId:61	0.738866651236,0.739979734441,6,9,18,20,99	12
NodeId:62	1.026067792,1.02788170501,11,22,33,91	12
NodeId:63	1.74012065732,1.74335570747,3,64,65,72	12
NodeId:64	1.01861424719,1.02039647793,3,27,28,31,33,39,78	12
NodeId:65	0.997090390267,0.998811923353,27,88	12
NodeId:66	1.01936350704,1.02108035673,8,19,72,81,83,98	12
NodeId:67	0.700942638807,0.702052687571,2,26,30,31,32,45	12
NodeId:68	0.899470365207,0.901067453615,1,6,19,28,40,81,85	12
NodeId:69	0.888959934629,0.890414624904,12,22,42,46,55,72,88	12
NodeId:7	1.00781535815,1.0096213022,12,21,38,57,93	12
NodeId:70	1.21563586908,1.21791063967,20,63,99	12
NodeId:71	1.52456542392,1.52750182882,15,16,45,84,97	12
NodeId:72	1.94670842121,1.95047972528,10,49,51,92,93,95	12
NodeId:73	0.542556274978,0.543318080492,41,50,51,84,92	12
NodeId:74	0.435182255397,0.435760516581,35,54,84	12
NodeId:75	0.437810357762,0.438408460345,29,34,37,51,54,65,85,91	12
NodeId:76	0.901984080127,0.903646654532,9	12
NodeId:77	0.635232839137,0.636196870039,0,5,32,37,40,41,44,69,79,83,85,86,87	12
NodeId:78	1.64718558977,1.65024081866,13,19,34,82	12
NodeId:79	0.992653502022,0.994364672313,0,26,43,74,90	12
NodeId:8	0.346643331841,0.347014333797,13,41,59,87	12
NodeId:80	1.19385376535,1.19596147585,31,79	12
NodeId:81	0.591243362608,0.592097502915,5,21,26,78,93,96	12
NodeId:82	0.682198851355,0.683384018705,2,23,24,32,52,53	12
NodeId:83	1.28224431212,1.28456122054,1,4,10,18,27,29,70	12
NodeId:84	1.07054633296,1.07240989761,9,21	12
NodeId:85	0.699451589163,0.700612666521,32,54,57,64,69,90,99	12
NodeId:86	1.34204333636,1.34455241855,11,60,71,95	12
NodeId:87	0.488703655623,0.489320294631,8,19,20,27,30,47,54,63	12
NodeId:88	1.27889780193,1.28133654628,21,26,44,50,55,82	12
NodeId:89	0.583169524087,0.584027777977,16,32,35,38,40,57,58	12
NodeId:9	1.68339420606,1.68660462598,33,39,41,43,51,69,80	12
NodeId:90	0.924868799517,0.9265185215,1,26,52,93,96	12
NodeId:91	0.753879090892,0.755064233995,12,24,66,81,95	12
NodeId:92	1.62709794367,1.63012477014,22,34,39,57	12
NodeId:93	0.964251940418,0.965986695447,15,43,66,75	12
NodeId:94	1.06468667174,1.06657819456,4,17,20,90	12
NodeId:95	1.40035722569,1.40301402029,76,88	12
NodeId:96	0.818499525893,0.819813607795,12,13,24,31,60,74	12
NodeId:97	1.07982509765,1.08188250903,37,50,62,89	12
NodeId:98	1.13300200974,1.13491526077,5,13,15,28,49,66,92,94	12
NodeId:99	1.19033539683,1.19238385409,1,83	12
