NodeId:99	1.1834440977,1.18414546657,1,83	19
NodeId:98	1.12657772681,1.1272319008,5,13,15,28,49,66,92,94	19
NodeId:97	1.07290556765,1.07361003557,37,50,62,89	19
NodeId:96	0.814046708338,0.814499799506,12,13,24,31,60,74	19
NodeId:95	1.39143696689,1.39234548375,76,88	19
NodeId:94	1.05826578846,1.05891902235,4,17,20,90	19
NodeId:93	0.958426105724,0.959019365609,15,43,66,75	19
NodeId:92	1.6169287106,1.61796418567,22,34,39,57	19
NodeId:91	0.749895000368,0.750300587913,12,24,66,81,95	19
NodeId:90	0.919342340275,0.919905160919,1,26,52,93,96	19
NodeId:9	1.67263582295,1.67373140947,33,39,41,43,51,69,80	19
NodeId:89	0.580283981418,0.580577788098,16,32,35,38,40,57,58	19
NodeId:88	1.27070509049,1.27153948828,21,26,44,50,55,82	19
NodeId:87	0.486627960896,0.486839393339,8,19,20,27,30,47,54,63	19
NodeId:86	1.33359760608,1.33445746011,11,60,71,95	19
NodeId:85	0.695574332329,0.695969187388,32,54,57,64,69,90,99	19
NodeId:84	1.0642444982,1.0648858049,9,21	19
NodeId:83	1.27442636448,1.27522237673,1,4,10,18,27,29,70	19
NodeId:82	0.678194773899,0.678602611998,2,23,24,32,52,53	19
NodeId:81	0.588374822394,0.588666872006,5,21,26,78,93,96	19
NodeId:80	1.18673449388,1.18745915508,31,79	19
NodeId:8	0.345400012856,0.34552664876,13,41,59,87	19
NodeId:79	0.986913507614,0.987498308795,0,26,43,74,90	19
NodeId:78	1.63688037558,1.63792947322,13,19,34,82	19
NodeId:77	0.631981271706,0.632312490644,0,5,32,37,40,41,44,69,79,83,85,86,87	19
NodeId:76	0.896406352677,0.896974394238,9	19
NodeId:75	0.435792725262,0.435998092635,29,34,37,51,54,65,85,91	19
NodeId:74	0.433262184092,0.433457808226,35,54,84	19
NodeId:73	0.539996375939,0.540257041819,41,50,51,84,92	19
NodeId:72	1.93402441635,1.93531629599,10,49,51,92,93,95	19
NodeId:71	1.5146977723,1.51570227598,15,16,45,84,97	19
NodeId:70	1.20800599736,1.20878311134,20,63,99	19
NodeId:7	1.00169792782,1.00232049565,12,21,38,57,93	19
NodeId:69	0.884050591299,0.884550242032,12,22,42,46,55,72,88	19
NodeId:68	0.894106119411,0.894652143694,1,6,19,28,40,81,85	19
NodeId:67	0.697203072247,0.69758375759,2,26,30,31,32,45	19
NodeId:66	1.0135755192,1.01416466339,8,19,72,81,83,98	19
NodeId:65	0.99128810612,0.991879029753,27,88	19
NodeId:64	1.01260556804,1.01321732598,3,27,28,31,33,39,78	19
NodeId:63	1.72923846732,1.73034656042,3,64,65,72	19
NodeId:62	1.01998311726,1.02060272375,11,22,33,91	19
NodeId:61	0.735109231018,0.735491737566,6,9,18,20,99	19
NodeId:60	0.54895968187,0.549254921482,14,49,53,56,65	19
NodeId:6	0.693488947753,0.693864699113,15,22,58,80	19
NodeId:59	0.503734140652,0.503980284748,10,24,69,92	19
NodeId:58	0.868070662452,0.86857688892,16,38,71,73,78	19
NodeId:57	0.81922114931,0.819710739835,86,94,96,98	19
NodeId:56	0.542739624207,0.54302177841,29,36,80,96,98	19
NodeId:55	0.683046780234,0.683426263105,10,19,22,25,51,58,62	19
NodeId:54	0.683225881809,0.683584466748,12,69,77	19
NodeId:53	0.603197485485,0.603517522919,2,13,65,78,95	19
NodeId:52	0.844605343143,0.845083037076,27,31,64,91	19
NodeId:51	0.927593484495,0.928160087132,38,45,61,71	19
NodeId:50	0.830053539081,0.830538946204,0,20,46,68	19
NodeId:5	0.481670049876,0.481880522127,2,9,24,50,61,81,98	19
NodeId:49	1.14595719729,1.14669372924,2,29,31,39,84	19
NodeId:48	0.15,0.15,18,39,61,79,89	19
NodeId:47	0.512471768195,0.512727516929,5,14,52,70,73	19
NodeId:46	0.819849773242,0.820338757117,78	19
NodeId:45	1.44511105842,1.44603074635,18,53,58,83,86,90	19
NodeId:44	0.629454561672,0.629782539924,17,37,38	19
NodeId:43	0.921474611339,0.922049318275,4,21,24,56,67,68,80,86,90	19
NodeId:42	0.573897502833,0.574193860162,36,45,70,89,99	19
NodeId:41	0.948943741468,0.949486874694,44,45,49,66	19
NodeId:40	0.729817192572,0.730233538566,7,71,72,73	19
NodeId:4	0.743561639307,0.743998898119,24,42,46,86	19
NodeId:39	1.1555724239,1.15629099791,31,43,68,71,92	19
NodeId:38	1.16491763357,1.1656195956,30,41,98	19
NodeId:37	1.31826239705,1.31910460137,40,59,71,97	19
NodeId:36	0.771344889574,0.7717751536,12,20,30,34,61,75,77,99	19
NodeId:35	0.497971299159,0.498186643115,12,18,62,64,65,66,83,91	19
NodeId:34	0.970203309926,0.970813628504,0,7,77,78	19
NodeId:33	0.99836387397,0.998982832658,2,56,58,86	19
NodeId:32	0.979936730456,0.980514334289,2,3,6,27,47,69,71,91	19
NodeId:31	2.14304529355,2.14447820308,29,36,46,49,54,62,70,85	19
NodeId:30	0.871199111427,0.87169565132,80,84,95	19
NodeId:3	0.744911824547,0.745355598759,30,42,45,86	19
NodeId:29	0.86627567418,0.866806417546,18,23,31,36,86	19
NodeId:28	0.879769934998,0.880281385398,21,25,72	19
NodeId:27	1.33547095713,1.33630441451,32,68,70,92	19
NodeId:26	0.836612189884,0.837100722633,15,23,28,64	19
NodeId:25	0.815421074395,0.815886667687,63	19
NodeId:24	1.02128490212,1.0218638045,9,10,18,38,55,93,94	19
NodeId:23	0.571376364576,0.571677460123,92,99	19
NodeId:22	1.04853886387,1.04918246065,25,65,72,83,97	19
NodeId:21	8.84644571605,8.79229415944	19
NodeId:20	1.15275975753,1.15347154074,7,94	19
NodeId:2	1.01747321192,1.01808268933,31,63	19
NodeId:19	0.885083832455,0.885611333196,27,33,37,45,92	19
NodeId:18	1.04344368943,1.0440472425,52,61,62,87	19
NodeId:17	0.553458678561,0.553735746511,18,39,41,53,63,72,79,99	19
NodeId:16	0.625826189445,0.626175900449,45,52,67,80	19
NodeId:15	1.21432566659,1.21509079197,47,70,79,95,97	19
NodeId:14	0.33053701453,0.330649005628,36,39,44,62,98	19
NodeId:13	0.909238265874,0.909761894603,25,32,33,35,76	19
NodeId:12	0.999358434529,0.999920230827,24,28,50,55,67,85,98	19
NodeId:11	0.65045028907,0.650826174616,6,28,40,49,51,67,89	19
NodeId:10	0.893184987349,0.893721035173,4,6,38,67,78,80	19
NodeId:1	1.23089658674,1.23166975338,37,72	19
NodeId:0	0.742005643624,0.742428813659,1,15,66,96	19
